-0.5055284
11.9792012
-13.3937585
0.0668507
5.4070616
19.0121694
-8.9506241
-2.7634120
2.1311792
8.8869759
14.8615018
-0.6112275
-11.1194786
-10.9044155
13.2838106
18.9635105
-8.6790986
-4.4961911
4.1488429
14.1563856
35.4897934
-17.3740797
-1.6524761
11.1557652
11.3169531
-12.2625991
-5.5695501
-5.3983235
-6.6962855
26.5914309
22.3182418
23.1250715
29.0651923
3.0775465
16.0883452
-7.1971678
34.5000959
-11.2845815
-28.3744761
-4.7721629
24.7290086
4.0292452
30.4912642
-18.6696277
-1.5719049
-32.9000125
-14.2480703
6.7298340
32.2868114
12.2883968
15.0221002
14.3301450
8.7856659
10.4123909
-14.9880502
5.5681975
30.8518064
16.9806883
-0.5673566
1.2591128
-54.7421246
22.3843302
3.5651884
-38.0394841
-4.4848529
-32.9848986
16.8321324
5.6655402
22.3178965
-1.7343590
14.6057871
-0.2118104
-2.6622307
5.7653776
15.7329475
-2.9198399
-5.8632255
-21.5567764
-5.1629566
-15.7150039
-16.8925478
-22.4500494
21.5364646
14.2853438
-0.9593315
-5.9454196
-4.9455442
3.0571070
12.7464862
20.3466519
13.6152498
-0.2352420
22.9241306
14.0004533
30.9550996
36.2935915
7.1150271
2.9344714
7.5356906
-1.6829524
-6.9330706
-2.0083336
17.2800329
-19.8432701
-1.8073257
-51.8200851
-2.6317337
-0.0829021
37.7993526
12.3345564
-11.1174014
-6.3016926
-20.4661783
5.2993670
19.5306973
-5.8252961
-5.2768202
15.0292269
12.3473892
-1.1081427
-0.2269597
12.6052213
16.5901215
-19.5513624
2.5631768
-15.3314657
-5.0393100
-28.1955365
-10.7036904
15.1577748
-22.0796046
-20.7447833
-9.0947060
-11.2469463
7.8504453
15.3386968
0.8103359
-50.0432507
-14.2683796
2.5815422
10.7179155
6.2665138
26.7646929
34.1544126
-25.3048505
-18.1909561
22.4429151
-21.9490019
38.1264229
-15.0845989
-18.0798982
14.1661529
1.1725494
-7.2146381
-13.3423878
31.3975101
19.2892021
-13.1424939
-52.9276152
-1.2868772
20.1901062
-12.2898809
8.0847312
28.8419412
2.8127272
10.2142261
-5.7256645
5.9698772
25.7277553
-19.5010669
0.1165111
10.4279204
-15.4611686
-5.1335922
23.5611481
-5.9285756
30.1663464
3.5390547
-37.5968368
-13.1043790
0.2066790
-29.3472195
1.4948047
-3.3763737
-28.2819073
-22.0571345
19.1296803
-29.0036078
-1.2481939
-1.3220737
0.4064505
-27.8300199
25.0304678
-1.7203828
1.2561060
11.3194093
30.1957268
4.4567006
-30.8214163
12.9641797
-1.8883608
-21.2275054
-23.1180011
18.2103637
-0.6084053
39.8239975
1.0747790
20.6885187
-8.6766240
7.9216328
7.0439635
15.8930687
4.0608692
-13.4607867
-6.5914029
-5.7301222
3.7148408
22.8924447
-4.0356979
-48.9483741
4.0093700
10.7434720
-17.2657855
-0.5583153
7.9810767
-14.6630355
14.6672700
3.5320853
-19.6301629
-11.8136404
5.4648689
27.3270494
26.4825641
-19.1753941
-3.2946037
10.7866393
-3.3172099
-10.7727321
-8.6060419
-28.5486235
22.1387187
-16.6642334
-11.1092288
43.6684599
7.0355065
10.0683721
2.7640695
33.5619660
-15.9317373
33.1303178
-12.3685232
-8.2532496
20.7777320
-33.3691119
-11.1812796
-4.6213415
-17.9855804
-32.0174376
2.4996660
-3.2055503
-19.6906187
-6.0546249
3.2737729
-2.7443044
2.5598551
-10.7316144
-26.4533609
19.1124172
-28.5034811
-0.4986217
-3.1233254
-11.4711055
10.0016760
1.7186352
-2.1508964
23.5179973
16.5798184
-24.7489257
-1.6102663
71.1839103
18.8875904
-14.8391576
4.9922313
12.7514398
13.3182848
-33.9915029
-5.3695246
-21.7403114
17.8006886
-16.1737520
10.0895757
1.7490135
45.3129276
7.1291112
3.2723686
13.9007111
9.6119157
5.8511535
20.4688109
0.8450033
1.4528031
-16.5562160
-4.0477814
-2.9887889
17.3286844
7.2100291
0.6458536
-2.8460513
7.2874005
27.1106145
0.9395921
-10.3188887
28.0216058
-7.8346150
8.5452823
1.6857485
-17.5744586
12.3794493
-34.2060863
-10.6623112
-11.4179639
6.7026661
34.9016043
-4.1448792
-26.7304027
3.3014898
9.1005359
49.4569140
2.0031019
25.1469138
8.8993770
-25.7075840
-16.4969252
-13.2130721
11.6113760
-3.9839794
-1.5510939
17.8679323
-5.4712253
31.9306858
2.5533749
-30.4755114
-22.2373339
-12.5635598
11.3718522
22.7110330
24.2438315
-18.3783105
-10.4559939
-3.9008176
25.0254951
36.7357143
18.1842795
-5.9564867
-16.4053559
9.2243966
31.1901732
19.0064094
15.8026697
-10.1676093
3.7450998
4.7059404
27.4279121
30.9729917
8.4335234
3.0451091
7.8868290
12.0971885
-17.5307153
-11.0723007
-8.6632582
-16.6533708
-16.8734675
-15.9750071
16.0046514
-16.3325797
27.5678547
-13.9264928
-5.7248285
-16.6257744
-14.2952037
9.0284062
9.1332245
10.9648839
66.6493269
0.6329842
10.2270243
44.1454094
22.1214100
3.8640652
22.2256089
-8.5635706
-19.5515740
-24.0786105
13.1767913
-29.7037220
9.0198899
1.9524894
-16.8378847
-4.1756361
-13.1131405
9.3564932
-5.6728272
21.4780813
13.0537894
-12.4605935
19.7761607
6.2998454
-38.8448033
13.7157574
-4.8220007
9.2930299
17.1517450
19.9347609
-10.0375982
13.9049786
-44.5406658
15.7669732
-27.6959342
-2.0393506
-18.3181675
-2.8972488
17.6527908
8.2994631
-1.8462694
-7.7755434
-11.2140803
-1.4247324
5.5498549
9.6041628
-45.7187957
-15.9095283
9.5025121
-11.0756038
-19.3292012
-16.2300321
4.8663033
4.8424077
-13.0096645
-19.8172917
37.1162031
-13.3817988
-3.3573425
33.6789972
16.2753922
10.9582110
10.2016768
-14.7124948
-9.1378410
4.5027917
-3.6071228
-14.0235263
-0.8155772
-17.6517201
-20.6578222
3.5870012
31.5047477
-5.5553272
-23.4363761
9.7097812
-2.8037408
-11.6744375
-7.7090076
12.0911569
18.0457046
1.4818787
3.5313921
3.8773864
-16.6553043
2.5607360
-24.4506697
-26.2814518
-3.9037340
-14.2519935
-12.7256096
-7.9194696
-23.9927356
29.8898905
-3.8713547
-8.3383556
16.0899870
-19.8576500
1.7926835
-11.8225676
-6.9680108
0.7331360
7.6119713
-26.7253062
-23.1127804
21.4133535
-31.1518489
-0.5161951
-29.7014987
9.9353413
-10.1686032
0.6024425
-17.8836582
-28.1340549
6.3441781
37.4764794
-43.2284448
26.4338664
4.6393238
-19.9415111
13.8346574
-14.3687038
-1.5566023
8.5236439
-4.3121648
-0.2377788
13.5432571
1.5163743
22.8667971
42.4953895
22.2392122
30.2089048
-19.9526143
21.9625451
0.4223303
-36.2824577
-19.6080673
-5.6960545
-22.3442864
-0.8862123
-21.9793446
-17.0250637
15.6905587
-2.6930779
-12.2339059
-1.8033928
11.6150125
-7.2669423
27.2902761
-30.7991217
-12.1017210
-21.6103407
34.3672839
5.7613499
-7.6787628
-2.3858697
-11.9468755
-16.0867221
22.5330758
-19.6841328
1.6485029
4.0588361
22.7903253
-3.1202846
12.3587484
-25.5705134
3.0841458
-7.2609828
-13.6239762
37.7549913
-11.5861267
-3.0261503
-12.1132670
50.5101697
33.2149221
-15.2286544
-6.9089269
-30.0549568
-17.3140050
-14.3971231
-9.3475158
28.0140730
19.1514259
17.9365923
10.3158540
-26.4228002
17.7646826
-27.5029776
-11.1053414
-5.7890778
4.6431674
-1.0101305
24.7841978
45.7814285
11.6481416
18.3935526
-8.1809594
-21.0306806
-35.9085629
19.5899477
-34.0045118
51.8638377
-16.4154353
19.4885049
18.3578707
-19.1057541
3.6094270
5.5972289
9.3059117
-53.3275783
15.3599853
15.1566937
6.4932419
-12.8857724
-29.4208155
38.8751141
-51.0599247
-5.2717992
19.1189901
21.2982060
9.9090900
-43.1011090
9.0748988
-20.5886833
27.8270962
-24.9254767
-46.0510296
8.8289954
-20.3070551
21.2319752
-8.2163490
11.2786037
-16.2982231
-34.1148141
31.4966655
23.7225553
3.9872272
-19.8793650
15.3089987
2.4285592
12.7326612
0.9650917
0.1217240
11.3613874
-8.6296134
-11.2447500
-7.2204434
-20.0118296
29.9486833
12.9760987
6.0333561
-9.7111387
18.2779074
-10.6434615
31.6299274
20.8360248
