5.9730363
-25.5555106
-25.6245407
2.6120015
25.2988067
15.8541846
10.5396545
-9.4935927
-9.2849667
-1.4399261
-17.0404232
-18.6179090
-39.8917047
4.4542372
36.0417363
24.6206966
-20.4736438
6.0292382
-20.3707153
4.2342215
-14.4473118
-5.3281520
5.6271006
-6.3822000
-10.8580752
-1.3218756
11.3496945
33.3892688
-7.2623338
19.6983651
8.3131498
20.3634215
3.9122214
-0.1403441
21.0372942
-48.0231254
8.8437588
6.5674360
8.6638380
-22.8451253
-2.1323703
15.5545673
-28.1476559
4.7006667
-39.0181170
10.4802557
1.8404517
1.6154296
10.6682534
0.2463990
0.4968835
-12.6108478
-10.5273110
15.8931221
3.2288415
4.3106713
11.7333368
-2.6964076
13.8209956
30.0071464
16.9790619
-37.3767896
24.2090215
3.5786336
1.8367717
56.2329075
-23.6565087
-23.5721764
-7.6086168
9.9027593
-20.2229613
-2.9260149
-13.0984811
-0.4948147
-17.5460930
-18.5626431
11.8313299
4.6170458
-12.8460666
-47.3868002
3.8367110
-4.1211701
0.1731512
-30.1384391
-21.6848265
4.9226540
16.3637944
27.1296854
-4.5133564
-1.7101604
-10.7189503
4.9075864
6.6462395
-2.5574906
8.6778859
-25.6899331
-42.9263584
-2.3743622
-6.5684876
0.3153107
5.5820037
20.3141612
-25.0493099
-19.9186153
-8.8269493
-35.7452978
26.6916899
5.9912187
4.9255914
7.4863354
8.1822055
0.5242627
-3.3255192
-8.6495798
3.8958367
-7.1692086
16.1572833
10.5407096
-2.1011892
19.3642762
-6.5713838
-11.3601119
-29.5554493
8.7719359
6.4431244
29.5173609
22.2531673
4.5876240
-35.1588315
-1.4504310
-13.8813703
-37.2609453
-17.1085072
1.7333753
-13.3548504
-10.9958493
-25.9351381
-19.1710050
5.2040894
15.9951592
-20.0842962
-10.0199646
50.6696424
-17.5831196
-0.1105859
-24.3985052
-13.4886325
4.1010556
-12.7864734
-10.5325704
-10.9663209
-9.8463545
23.4004974
24.0071805
4.0643480
-36.9628186
-5.6115295
19.4738544
-43.0537111
-20.6929152
9.4627833
-0.6856317
-21.7136539
15.5506435
-17.8973340
-17.3596740
-8.6841342
11.0173574
-2.9717407
-4.0495938
-6.2502095
12.6918584
-12.1464853
-8.8742443
3.6801708
-6.9682080
-61.5658555
29.9863817
-2.7553921
-18.9109326
11.8904686
5.9361604
8.3687576
-18.9524464
-13.3796276
2.0088201
-24.8041174
3.9446061
9.1662536
-20.6174769
2.1105677
-22.6467297
-8.6026500
3.5249806
-20.5642396
-20.3342417
2.9221715
-10.6231760
-0.2996600
-14.7965257
-20.3345063
-18.9563018
6.8598244
21.4553000
38.8829047
5.4172439
26.4204384
-12.6873665
-49.5547570
12.3491737
-9.7508122
20.9361189
-11.3974150
-11.4246014
8.8956254
27.7895882
-27.1609492
11.8781086
4.9768363
-13.9569801
17.8849564
-16.4399644
-4.5876137
11.3365698
-43.9885022
-26.3557438
40.0998439
5.6675240
-23.2767161
-3.2017411
-10.2615692
-7.9900871
-16.2392928
-15.4239797
-8.8567978
-13.6409012
-10.0764379
-18.7117044
-3.5434035
6.9747016
15.8883912
-21.9924942
-25.9383394
24.0331658
-12.1263662
-15.4746164
-1.6133755
-7.5793313
2.4953921
-32.2952820
-22.2572257
12.7581520
9.7327133
-9.7478169
22.7887251
1.8120183
3.9184881
9.1876891
6.2756598
-30.5569807
-1.6496610
34.0440546
-9.9394882
6.9475299
3.6337234
9.5791322
29.1586576
8.8659977
2.8778376
-8.3294280
13.1258599
26.7718490
42.0077572
12.7386217
3.2037029
4.6423104
-15.8192830
22.3240093
-4.3634557
-9.9834918
-21.6679446
5.1661470
-3.9838756
-23.4521274
14.6681566
-0.1584513
11.2875771
-21.9531981
-5.5194211
18.3001622
7.9230150
-1.3352036
-15.7250187
-13.8030190
2.7757924
-9.2657416
-9.8878595
-10.4864542
-13.7834583
-11.7588207
-4.3791517
6.4523721
9.0812863
22.8605837
9.0329875
-42.6963939
-1.8114360
8.9616402
20.8450449
-11.3124901
18.3831241
6.4379956
-1.7140842
12.0428855
11.2308268
-12.3657734
-3.6931410
37.7899709
-28.3043071
8.7116718
-28.4560137
-17.6700798
-8.5197309
-15.7461192
12.9984644
37.3539320
-23.8787167
0.0572783
-3.8555024
12.0417783
12.7133880
-0.9649577
42.3831030
-0.7741828
-2.0281754
38.4679540
14.2565727
-5.9624038
-0.5593779
31.1135797
18.0084642
31.0577161
20.3532072
-13.4142682
-28.0302860
5.9952917
-23.0664716
17.8888384
-16.8306255
17.3988919
-1.0346944
-3.5185160
-5.6398729
13.0084310
-20.1280977
12.3429765
-17.3188749
16.4823234
18.4414978
12.7610101
19.0240290
-7.3533649
-34.8075555
-8.0861380
-13.9984029
23.0360974
21.3182362
6.6087231
-21.4177343
2.7950175
-23.6634303
23.3451226
33.5302404
10.8972043
12.1177346
-35.7791837
1.4891586
6.6393392
-5.0424719
-5.0869149
-20.6747548
21.5917425
6.2742789
-2.7901304
13.9296417
19.5973406
-10.1770436
-20.6887544
13.5220918
-4.8532824
-1.2298222
-2.5473819
28.0020957
-9.8527841
20.1894263
-35.0335496
19.7906643
-39.0631383
3.2157696
-1.6200808
6.3732101
7.0947316
-7.1400636
-4.1119358
5.9622211
3.1313476
6.0435477
30.6152765
-11.8164099
-9.9846449
-11.5025301
42.3505767
29.1919786
-21.2319424
-30.8195428
-20.0105650
14.2038561
3.0666209
29.8689109
-38.1822001
-9.4597670
25.9003686
22.7760447
-12.9278995
-1.5300404
11.5242378
1.0958568
22.2828977
-2.9761272
-4.4319082
-13.2131262
21.0394919
5.0916732
12.9764335
-7.0040659
16.5750138
-16.3687794
-1.4297939
7.1036524
-3.7017743
17.4069754
-12.9524630
-10.4299784
-7.4754309
-24.2808247
34.8597782
-6.8284507
2.1515745
9.2613453
-16.0452627
-18.8723858
-20.3260880
14.1326450
-12.5970131
9.1312359
-15.2854319
-4.4107643
1.0882328
4.7153657
-10.5445549
35.0007662
-34.4151444
2.5680123
-2.4987641
19.4368658
2.9158629
5.2995936
9.7547602
3.5250602
33.2087344
9.9323183
16.9791179
22.9114734
5.5799991
25.6506192
25.7525863
-5.1468334
17.5270965
21.6685643
-23.9518203
16.1120077
-6.0583637
-10.6853964
4.0872017
0.6003873
-7.7094558
-15.9966122
-3.9879517
-47.7901052
-11.4886928
-11.7056494
-13.8420329
-1.1539011
19.7112595
27.4815187
-38.0444882
-15.4360658
17.0979003
-15.2744479
5.8849440
7.2534606
26.3376675
15.3239359
-3.7737806
-2.1520996
16.1565357
-7.6169533
2.8346459
8.1699637
-13.1626273
-1.7859192
-19.8166272
-4.8510453
-32.7980567
-4.3941757
-33.1701530
16.2449505
-16.7959959
0.4092708
-18.3159674
8.4757112
-46.8445856
-4.0542160
-8.8286439
-7.8899019
9.6837096
-1.9854635
-30.1279387
15.6264841
-20.2595671
5.3297906
18.5061066
3.2229349
16.8487884
-23.6308915
-1.7044858
-14.4183087
28.7162570
4.4367205
-23.0295654
22.6810640
-2.0668303
14.4424207
20.0559157
6.5344038
7.3748873
-10.9043472
39.9560685
49.3465256
36.6475896
12.9822019
17.4183819
-12.3710846
-15.2053993
-22.5667278
13.9210399
-37.8349372
30.2979476
12.7516680
4.4422306
17.7827436
4.9843805
19.0808628
-14.3483629
8.6898884
4.6121127
-15.3570291
-13.2995950
-10.8053050
-8.6046357
-14.6471615
3.2631316
5.1911799
-8.5314685
20.8674762
1.7443230
1.6768547
1.8295749
-20.0602219
2.4273401
-24.6096807
-3.4396000
2.2525397
5.3463128
19.5390942
22.3616968
-20.4028671
-1.1660466
-0.5951377
4.5075087
10.8870358
5.8804906
-11.0763336
-4.3615434
-9.8263229
-18.1724506
2.2095637
20.0895874
22.9845717
-13.0512281
-16.3784176
4.8195241
-7.7896293
-7.8851243
-32.5900949
39.4321539
11.3162174
33.3801907
-1.0346806
5.8167784
-30.9468966
0.5512878
3.6041887
-13.6127378
21.2995096
1.4059750
5.3694323
32.9722306
20.5252812
-10.3726988
9.7233480
13.8247475
-11.1499184
-6.8214954
1.8137642
-27.6826461
-35.9159691
4.2533131
-11.4733312
7.8414912
-11.1057883
-7.6070275
13.4944405
3.9806038
9.1056893
-14.2188393
-15.1681837
-10.6799482
13.1127882
21.0318582
