-21.4297708
-21.3490779
-32.6722165
6.1682313
30.8931325
-48.1516143
-2.3796826
6.3686052
-16.3104674
-20.4031550
-4.9555051
-27.9043303
5.7060947
-55.0416234
-11.2366566
15.7124809
12.2872779
31.6012246
27.6398848
12.0019634
13.3170889
21.6328301
7.5981402
11.5533363
19.8609133
-15.6642130
9.7647787
3.9792828
-23.5657925
3.3985199
19.4065266
-3.0433961
7.0590388
19.4984476
36.9655866
17.6864047
37.6777402
20.3565047
-10.4615137
-24.6732413
-3.5043848
-4.5056475
4.4015816
35.8272579
1.5984283
-14.7440975
-43.3543918
8.2670879
-0.0244876
43.5310254
7.3863841
-57.3939715
-3.5968049
0.5595388
-16.5092852
-7.5259523
-4.3534999
-21.8989684
17.8405845
-10.6261147
-21.3964269
-9.2983555
7.1617698
-19.1969534
-3.3688925
-25.4802485
-44.4485151
0.6283318
40.4532511
-27.4418235
-22.6226039
-31.0927103
57.0465060
-4.9416881
5.9437077
-2.4012964
21.5891748
-28.7161835
-9.1866184
14.5432801
4.0673653
37.1909615
21.1469023
-24.3562314
-24.3931589
-9.1604080
0.9923581
-13.3680272
-11.9997070
25.0029337
14.7837979
8.1413477
-53.5329175
14.6998150
12.6097534
-12.9548235
56.1160603
3.6049858
-1.1907574
-17.8119773
-2.7293694
-4.1603906
-26.7814646
-35.8329119
0.3851041
2.7041430
25.7666210
-25.1809321
-13.3977505
20.6072396
-25.2508740
-12.3828617
-21.7745323
19.0695478
10.5761930
-0.6991582
5.7638535
9.6595619
31.8634545
-22.7243205
10.8799538
25.0410875
26.4866570
0.4971321
5.0780241
1.1970904
2.6527556
18.5287844
-3.5518543
7.1614325
-21.7381961
29.6949445
-6.2972981
-3.7584958
-0.1972709
27.0048696
15.8605447
17.2010330
4.3125976
-36.4528186
-27.1269855
18.5859611
-47.3070481
-2.1647010
-15.7456717
-23.8266355
-23.1256597
-17.2403145
-8.8453233
-9.8266029
-8.2543852
6.6225351
-6.7907113
-14.6667377
-14.3901224
-15.4421149
11.9215828
-22.5736917
-24.7336043
-4.7404432
41.9764724
-16.8792104
14.0714552
-12.9037167
-11.7708588
1.9077978
31.2229264
50.0252357
12.4964378
28.1886786
12.9525308
8.6129233
28.8210445
14.6440025
63.6069174
-35.0489369
-8.1098644
-35.0145893
-10.7634492
13.3455523
9.2271831
4.9118172
62.2675126
21.0422068
-6.6871054
26.0628848
-2.5197202
3.3707859
-11.7081422
2.8712434
-9.4533797
2.9442000
44.1340275
-9.6708930
15.9896785
-11.4697878
10.2169388
6.7623027
-2.0311594
-7.1067827
12.4078492
-44.1114221
-19.2282197
31.3072086
-3.8843077
-12.5576151
-3.1313983
-26.3656093
3.0629318
-7.5481125
23.5752310
-2.0652989
-9.2644774
4.5934223
-18.6114714
-29.4346959
-23.3091682
-12.3432462
4.5744447
-40.0528969
14.3759286
-22.1603336
-26.0619325
-0.2609979
19.6846913
-9.0950343
16.7995688
-13.8123876
-29.0617652
17.1518552
1.9523834
0.9963444
-19.4578966
-13.2821887
0.5843249
10.0273532
0.6646030
-21.8967465
-4.8741129
13.4610990
4.3906064
12.1624821
9.7523151
16.4051193
-38.5863086
36.5529285
20.5817085
11.2101616
19.3817013
-11.6488841
8.9404181
-23.7839012
-14.7334748
-14.7768176
-16.5946141
-11.8525957
-6.6212590
9.0862583
-22.1418944
17.9768425
10.3288513
-26.7174165
-21.1583487
-26.2947781
37.2664013
-21.9785920
-11.7893027
-9.6915730
21.2968860
18.2360878
13.3621710
-29.8118412
-9.8479761
2.2154387
-16.1756898
10.4834755
16.4076276
-26.5479711
-4.0548758
-41.9498980
32.3720208
-20.0889862
9.3861813
18.3653189
15.1484540
15.2547551
-11.5580876
5.2626352
29.8072497
16.1486723
47.2623863
43.9699500
9.6010624
-18.0095599
-13.4963419
-42.6493254
-23.3143154
9.2246066
15.2219897
5.4243245
-7.3667519
14.3608867
-25.8256827
-5.0400658
5.6625000
-20.0186423
31.1575518
9.4437167
26.1489735
9.0634684
-7.1437845
-19.4130271
-16.5417454
15.1582766
-18.1432269
31.1492383
31.7576808
3.7825271
12.9285129
-3.0142164
