-2.0103685
-34.0820748
-8.4608598
-4.9170478
24.4175976
-8.5692594
-43.1493124
10.9430578
-37.6287482
0.2169893
-13.9139129
-5.8422237
-4.1316424
-12.8545300
-10.2117562
-3.5418879
-6.2304090
-7.7889275
-0.2019850
19.3308180
-3.2219601
-17.7751150
8.9909600
19.8556504
-4.8330733
28.3982064
43.4575344
20.9563010
-6.6309092
-49.7107335
1.5661339
44.2620960
-35.1592736
31.3462336
-7.2897153
-12.0061061
5.8159596
-1.8473633
-21.6059178
39.9340905
-6.8351274
-40.2680640
13.9613123
17.6493430
-11.3170279
-7.1279009
-5.8273947
-13.9394238
-26.9217776
2.5152551
-50.9611945
16.4252647
0.1985763
11.4175401
-6.9136611
-24.2551595
27.1077891
-5.4168546
44.7604470
14.1574619
-0.4973523
12.2308912
12.3868593
4.6234416
-14.9334735
20.8602032
-3.7150832
15.4160590
-5.3724023
-14.4928105
-22.6038357
37.0465641
15.6974843
-2.6930771
-14.5281676
21.2247081
-7.3590719
11.1255360
25.9854658
-27.6384275
-4.1352022
17.8991856
-23.0915849
-15.7265471
2.3718602
-20.6747531
-40.7228947
37.9673684
-1.3903670
-31.7146340
-43.9620562
22.2124609
-14.2028783
16.7939341
30.7017689
71.1114603
2.5035731
-4.5572424
-9.2058935
29.6747753
-44.5613072
-1.8160016
2.1428523
-11.5281851
-14.2541541
8.5000549
-8.9899256
-18.9583059
7.6522856
-24.8679309
27.9740412
-34.1559377
30.3516090
5.5523824
10.2990611
-11.1464470
-6.2499829
10.7743459
-57.2297949
-19.2444430
-10.0170363
20.9584475
4.5593180
-1.5762567
18.9112044
-41.2171467
0.5616073
-48.6591949
-0.6410430
2.8341959
14.1547016
-6.5510581
-1.9853413
-6.7166884
11.7807153
-5.1969505
11.5302765
-20.6300686
-12.6444085
-33.6859417
-35.3909727
28.4597790
-4.0886570
13.5081724
-33.6630721
18.1310651
-6.6958856
1.1775694
-26.2230871
7.6391819
17.0903198
21.9254465
-18.5425266
-33.1144702
25.3711793
-5.6903559
-31.3655962
22.7883650
11.2058858
-24.5236193
0.2814700
-6.8731733
-46.6972529
-7.1487753
-58.0886014
20.3060940
-2.3494219
-3.6667817
-21.2239567
-2.8045145
14.6394119
-28.1922414
9.0887567
15.1200785
13.9788374
37.4144024
9.6971290
-30.5388081
-20.8207480
-12.0937526
-5.9680978
-4.8594629
-21.8925572
39.4638264
20.7635303
-21.5291312
26.0196958
-19.3058093
64.6289509
-20.7455831
-9.9021986
-74.8036518
14.6071623
31.0755249
-23.3156642
0.2921396
-40.3245360
13.4734622
-13.2288680
10.5294249
-24.6163194
8.8840846
-42.4871750
1.3281935
9.1977105
-1.4295655
37.4273473
-11.8020044
-3.2890735
-7.6820427
20.3617280
-13.0288039
-67.5240076
37.7497966
15.2856411
62.8910424
3.7574337
7.8508394
-63.4854127
-29.6133152
-23.9084227
-16.7476273
24.2050483
-28.5641282
24.8292191
-12.0980139
24.5842670
13.9386268
-11.1376275
-58.3737182
3.2005848
-15.3660901
-3.7895059
-11.4280741
-61.4022008
-29.0723614
7.0078777
16.6041482
-2.8010324
-3.4536098
10.5637131
7.7043614
-8.1877592
19.1172995
-17.7920276
-6.2593296
4.2317489
-2.1510840
5.3831409
27.9238995
46.0930545
14.4671096
8.5700963
16.6217809
-16.3532683
-1.0979700
10.0732031
-10.1571125
-19.2521545
40.3401943
-13.3279238
-36.1306964
27.4326302
-12.6928911
9.2948666
9.7615218
12.3292022
49.0363220
36.6248124
-14.8652537
13.6399698
68.1898135
12.5335639
14.5455234
18.5367441
14.7416755
3.0899368
-20.5282842
-22.0439812
58.1703387
43.3977552
-12.2533580
-8.9836340
21.8425608
36.3544195
-16.3431282
-75.1811297
12.3290442
-8.9283943
10.3195658
-13.9602678
9.6775376
-10.4301210
-48.8152398
10.9918848
-1.6877155
-24.9633219
-14.6479690
-7.1048678
2.1196460
11.5713703
-17.5944855
3.1255262
18.3978880
-15.9914099
9.9932417
9.9684063
26.7321247
-5.4897946
-1.5695290
44.9721013
44.8654152
-9.7199701
6.0360006
-12.4221933
24.8821354
6.0598800
-27.1368203
-25.4031092
-1.1107902
