1.3527176
-1.3853904
1.4263128
0.2103202
-0.4361579
-0.2357214
0.8206251
0.1240529
-0.6746203
-0.6867790
-1.4801808
-0.1076982
-0.4355900
-0.1466083
1.0417301
0.5061347
0.2223468
-1.4102064
0.1345171
-1.0315303
1.1490769
-0.3021143
-0.4766750
0.3642403
-1.7279146
-0.7216230
-1.0657028
-0.6065219
-0.7027240
-1.0280571
0.1533614
0.8653554
-1.8382050
-1.6205819
-0.6637242
-0.2003495
-1.1377897
-1.1180690
-0.5698554
-0.8492432
0.3500457
-1.1519229
0.9915471
-0.8239158
0.8400940
1.4486445
-0.7729174
0.5803806
-1.0511012
-0.4727814
0.0299046
0.5661297
-0.8924794
-1.0960958
0.1573603
-1.2600613
-1.5024377
0.2874357
-2.4102727
-0.3390613
-0.7523212
0.1302256
0.0881405
0.2758253
-0.7124660
1.2047505
0.9171258
0.5424407
1.8630414
-0.8039956
0.1040064
0.4683157
0.7164869
-0.9885985
-1.2516852
-1.4067810
-0.6090877
-0.5371917
0.4682795
0.2616266
-1.3183600
-0.1696468
0.1923892
-0.7796170
-0.0374895
0.2656576
-0.3265001
0.4689276
-2.7076249
-0.5958545
-0.3677908
0.7738901
-2.3967904
1.2070797
0.2882067
0.8826892
-1.0962274
-0.0561848
0.3825984
0.2897292
1.1018364
2.4713977
0.6562826
-0.1459777
-0.5268750
2.2617972
-0.8874289
-0.9454800
1.8163664
-0.5826058
0.3679043
-0.6456834
-0.4726910
-1.4623471
1.6644916
-1.6821658
-0.4350053
0.3514328
-0.6813560
1.5423317
0.4361111
-1.6655409
-1.1942688
0.8553671
-0.3940747
-0.7290486
-1.9891304
-0.6296302
0.5717323
0.7430918
0.0504739
0.1033149
-0.3260281
0.1108131
1.7735726
-1.4913210
0.1216345
1.5029396
1.1032964
-0.7661322
-0.6019437
0.0940154
0.0857139
3.5569008
-0.0880827
-0.1450221
-1.7005730
0.8930236
-0.4007280
-0.5013842
-2.0733530
-0.9684251
-0.5209088
-2.5237248
-1.4779255
1.3016921
-1.4764773
0.5520977
-0.7396213
-0.4824226
0.2329450
0.3011631
-1.6092913
1.8145198
2.1614266
0.1787370
-1.3005416
-0.0867898
0.7190210
-0.2987303
1.6093858
1.4116658
-1.1032349
-0.4158924
-0.4290049
2.5164937
-0.0477684
-0.1739956
1.1662908
0.5463462
0.3410701
-0.8669360
0.7254890
-0.1981952
1.7802023
-1.4228873
-1.0238917
2.4383190
-0.8492958
1.3448082
1.1933704
-2.0680361
-0.1271092
0.9119874
-1.6880425
1.3263848
-0.6740858
0.8105358
0.5535511
-1.0297366
-0.5433449
-0.0985528
0.8310971
0.1560288
1.7292352
-0.9901765
-1.1963122
-0.0710781
-0.6202586
0.5582459
0.6904839
-0.0655724
-0.6142238
-0.7644620
-1.4516984
0.6418043
0.9168029
-0.1973793
1.1519932
1.7797301
0.1911581
-0.9757535
0.6495279
0.7791429
0.1640507
-0.0897678
0.4949426
1.9381817
0.3647266
-0.9104787
-0.2326792
-0.4035598
0.4638257
0.2145312
-1.4883606
-0.6616656
0.7563451
-1.1787682
0.0543749
0.5379991
-0.5216012
-0.1380385
0.0655404
1.0942252
0.9485586
-1.1229774
-0.3925995
0.2341790
-0.7203634
-0.1383417
-0.0224358
-0.1048604
0.6917808
0.1280907
-2.8690929
-1.3906046
0.7400216
-0.2119884
-0.7854840
-1.2814939
-0.6853957
0.8188649
-0.6567315
2.3219571
1.5303359
1.0234642
-1.0482283
0.6576659
-0.2432848
-0.1614724
-0.1568306
-2.5025122
-0.1946593
-0.2627550
-0.6216948
-1.6025527
0.8357710
0.6644658
-0.5485838
1.3124340
1.2334283
0.2282349
0.8265391
-1.3728301
1.0026554
1.7465993
0.1316000
-1.7420118
-1.4397076
0.1169571
0.1015981
-1.2740788
-0.2325498
0.4151611
0.3809767
0.0580537
0.9842210
2.3548062
-1.6235239
1.3668806
1.1041008
0.2336645
0.7720965
0.1368653
-0.3106821
-0.8700812
0.8611540
-0.5514440
1.7089953
-0.1732763
-0.5039694
0.2246049
-1.7951942
0.4723766
0.8517675
-1.1049238
-0.5189535
-0.3703735
-2.5059912
-0.6444055
