-0.0672518
0.6125682
-1.5802469
-1.5923084
0.9882677
-1.5078554
1.2635982
0.0792853
0.0252515
0.5087551
2.1315086
0.0266524
-0.8055653
0.8279745
-1.4806985
-2.4606841
-0.7239452
-0.8546725
0.6312444
-0.8718739
-0.2027631
1.5416636
0.4635785
0.8453249
-0.8578140
-0.0800831
-1.1711227
1.3093365
-0.5575256
-0.6083920
-0.6441012
1.3599047
1.1643215
0.4602722
0.5048460
0.8097079
-0.0991530
1.3047845
-0.9306594
-0.8765234
0.2410478
-1.2914714
1.2685325
-0.4153487
-1.6453451
-0.5475987
-0.4497204
-0.0282348
-1.0518210
-0.3318328
3.1289891
-1.7584867
-0.8713483
0.1143206
0.7200182
-0.5113901
1.6859418
-0.5668331
-1.8321543
-0.8019152
-0.0555272
0.0043387
1.6342657
-0.1999140
-2.5421364
-2.1980860
-0.0652887
0.6472282
1.2790341
-0.4976305
1.9016093
-0.5346273
-0.0734741
0.8577120
-0.5154129
-1.2045316
1.5023589
-1.4021011
-0.3729726
0.5165119
-0.5471871
0.0671222
0.0593124
-1.1460106
-1.1714464
-0.8958837
-0.3554997
1.0493663
-2.3053629
-1.4892569
-0.1570980
0.0587915
0.1979735
-0.7888289
1.0418519
-0.2288597
0.7122988
0.9019216
-0.9689680
-0.3552929
0.7538538
1.2276121
0.4554889
-0.5426839
1.9774165
1.9834487
-0.9578712
-1.9493414
0.9849959
-0.2185818
-1.0803131
-0.8266537
0.7283638
1.0011548
0.7227508
-0.5806603
-1.3444974
0.3000870
-0.1840127
-0.2574149
-1.5836579
-2.1468367
0.2917583
1.0610433
-0.5580243
-0.0370025
0.2719301
0.2620790
1.3094627
-1.1017398
0.5179277
0.4478381
-0.4839924
1.3886317
-0.6173246
-1.9329503
-0.5471185
0.5416302
-0.7324486
-0.6105603
1.4734813
0.0356696
1.1672541
1.7715979
-1.0529459
1.1226946
0.1936869
0.0602912
-0.4432739
-1.3583358
-0.3217897
-1.3087832
0.4175023
-0.1750669
-0.0040489
-0.9862513
-0.9314886
0.5873232
0.7302513
0.7509808
1.1060946
0.3674421
-0.0903399
0.5105861
0.9411015
3.0357591
-2.7187289
0.3213356
-0.1224320
0.0402582
-1.1146297
-0.5784711
-0.5299082
0.3679883
-0.1099216
2.3165922
-0.5013498
0.1157972
0.3511134
-0.8434400
-0.6099479
-1.3369009
-2.5776633
-1.1747078
-1.1119606
0.3114744
-0.2810964
1.7883931
0.6656761
-1.3322302
-1.6571571
-0.5086110
0.3095034
0.2280532
1.0240087
1.5928426
2.2032912
-0.1695058
-0.0956179
-1.3340855
0.0879663
0.5524324
0.4245147
-1.9365758
-2.2020104
-0.4141291
-1.3062668
-1.9433827
-0.1827307
-0.2022284
-0.8582751
0.0186846
0.3661619
0.6048368
-0.1513335
0.3399047
2.5511278
-1.0867715
-0.2509769
-0.7882466
1.0114302
1.2836849
1.2788204
-2.1108901
-0.0424615
-0.2551754
-1.0149952
1.8943243
-1.1250848
0.5980776
1.1910007
-1.6151176
0.1687019
1.2035002
-1.0709643
1.0772475
0.0811735
0.1716556
0.3482411
1.1735318
1.4781894
-0.2464037
-0.6503387
0.7584901
-0.7251410
1.0697819
-0.9884921
-1.4586769
0.1716582
0.3012955
-0.1976848
1.7847712
0.5628168
-0.2907802
-0.3924685
1.7050654
-1.7294445
-0.5260424
-1.0673375
0.2855924
1.7315712
0.7547742
-0.1917120
0.7179743
0.5202895
0.3423697
-1.8917549
1.5479287
1.3902435
-0.0473094
0.8565961
-0.9808495
-0.8270901
-1.7466785
-0.8303892
-0.6549135
1.0009987
-0.3910191
0.1371029
1.6574963
-0.1321829
0.1940403
-0.3386747
1.8432138
0.1033255
0.5521975
0.4007971
-0.7578182
0.6617920
0.4949172
0.4958856
-0.5386061
0.7024715
1.0456684
0.4746141
0.0479221
-0.6663758
1.6295750
1.0318260
0.3836528
0.6900273
0.5858396
0.2917420
-1.5730061
-0.5286410
0.8758552
-0.0603065
-0.6582277
0.5642290
-0.7383434
-0.8715608
0.2508576
-1.9589746
-0.0575881
-0.0809626
0.0735500
0.5615385
0.9794222
-1.6496997
-1.6803612
1.4484472
0.3916628
-0.1512925
1.1263234
-2.3325695
0.9186802
-0.6698644
-0.0985300
0.0293902
1.0307884
-0.6744847
0.2015844
-0.3912146
1.0096529
-1.1240910
-1.3394209
0.3398936
0.2124016
-0.6613534
0.9935633
-0.2542386
1.3843384
0.0923566
-0.4542705
1.0774514
-0.1664584
-1.5658035
-0.7915980
0.1184582
0.6136586
0.4374240
-1.0153561
-2.2123316
0.1635971
1.1271894
-0.7283676
-0.8934616
-0.6780145
1.0523776
-0.9337973
0.8294452
-0.8207918
-0.2415666
-0.1114313
1.4421805
-0.6782334
0.3173765
1.3783045
-0.6005878
-1.4001333
-1.6519641
-1.2872614
0.0409814
-1.1037008
-0.9137421
-0.0717123
-0.3400909
-0.8349534
0.1531056
-1.4119981
0.2800853
0.7525822
-0.6064807
-2.4513717
-1.2761283
0.0666803
-0.2568469
0.2287787
0.2446326
-1.2452400
-0.6901519
-0.0317656
-1.7498882
-2.2797293
0.8998658
-0.8663543
0.1983013
0.0476204
-0.4895532
0.5632606
0.4368242
-0.1568488
0.2480890
-0.0343089
2.1778818
-0.3591949
-0.7637393
0.8703306
0.4619586
-1.1449488
0.4942032
0.2208300
-0.5447263
0.1831746
-1.5557085
-0.3500785
-0.6995086
-0.5674169
-0.0927570
-1.8211971
-1.6920758
0.6576917
-0.5542962
0.1284647
0.1737222
-0.8651365
0.2431868
-0.6718350
-0.2598471
0.2562088
-0.0395656
-0.7072782
1.9777534
-0.3005683
-2.2930201
1.9075145
-1.3267455
-1.4298784
-1.1745466
-0.9510066
-0.3177398
-2.2019009
-0.0066793
1.8644099
-1.1111269
1.1245887
0.2770815
-0.0858635
-0.6104580
0.2751172
0.1923230
1.2466546
-1.7987333
-0.5837489
-0.1115145
-1.3353724
2.4797889
-0.0636989
-1.7635995
-0.7221693
1.1486264
0.4268184
0.1214051
-0.6490487
0.0429431
0.4080570
0.2110160
-0.2653005
0.1471870
1.4750419
3.2600742
0.4422351
-1.0617702
-1.7923099
0.8049973
-0.2975868
0.8034092
-1.2429978
-0.8262682
1.3457856
